-0.017821071069235771   
-0.0132275584255269   
-0.0001997157875683114  
-0.0022382383664806965 
 0.0039427840237846049    
-0.003479080252776429                
-0.00058918378587668931              
-0.0026389268720865937               
 0.0017838381329427022               
-0.0014147414444925163               
-0.00085024288608518371              
-0.0025874611788986573               
 0.00034441255286321582              
-0.00046365019554554451              
-0.00056414055505934688              
-0.0024080554603435941               
-0.00087282379168350868              
-0.00033604100402450862              
-0.000065806777975883218             
-0.0018427029129497122               
-0.0017215414799085262               
-0.00088791724694289517              
 0.00013994304226803457              
-0.0009748138506912498               
-0.0019051033785470271               
-0.0016977516859498689               
-0.00026972353327423849              
-0.00024328781521359109              
-0.0013871837638023687               
-0.002181620454314602                
-0.0011709621221362952               
-0.00013270329695601324              
-0.00056662158381539859              
-0.0019569535630123251               
-0.0020300763433796793               
-0.00076765839877358973              
-0.000078354864928064163             
-0.0011440048671089217               
-0.0022711300255399917               
-0.0017543777085444311               
-0.00035818539025897836              
-0.0003238482133923748               
-0.0017129144300007011               
-0.0024075216652121624               
-0.0012987897322242759               
-0.0001419027294517379               
-0.00075808731909052587              
-0.002240807716071689                
-0.0022774822137979055               
-0.00081548694611718701              
-0.00014018071318850321              
-0.0013537139143972709               
-0.0025927205803922063               
-0.0019314793963409772               
-0.00039331382442281057              
-0.00040335726278250064              
-0.0019906277689601196               
-0.0027065894233325831               
-0.0014271739725049883               
-0.00015016291471236544              
-0.00090170705439683932              
-0.0025560691818713246               
-0.0025451074794976408               
-0.00087699533973778152              
-0.00016373554291451535              
-0.0015633942837071802               
-0.002931436943667428                
-0.0021366389378191832               
-0.00040795411279608354              
-0.00046704561960564037              
-0.0022707484853632335               
-0.0030357651168892909               
-0.001559442429362172                
-0.00014187568981515949              
-0.0010308798725488164               
-0.0028915324879822436               
-0.0028362643802776772               
-0.00093666472867928209              
-0.00016206882411899486              
-0.0017730933230054296               
-0.0032994910736903974               
-0.0023610354283201528               
-0.00040416329212161067              
-0.00050792618559106217              
-0.0025666141836791362               
-0.0033991518603932146               
-0.0016913420784939528               
-0.0001018189669370409               
-0.0011506385933958418               
-0.0032571163884954381               
-0.0031473782414302987               
-0.00097195242784041749              
-0.00013017964276491531              
-0.0019873652607527888               
-0.0036960409438424047               
-0.0025855211796751085               
-0.00036481580311295211              
-0.00052035584753823416              
-0.0028754722808611334               
-0.0037863425401624337               
-0.0018087078021303202               
-0.000014130286183237917             
-0.0012516634724074084               
-0.0036468796815498881               
-0.0034769184641439185               
-0.00097692650802126864              
-0.00005014963523654499              
-0.0021998098888602862               
-0.0041346511380033688               
-0.0028193051718278274               
-0.00027674294943020802              
-0.00050345462202332561              
-0.0032199742424977116               
-0.0042166639815199979               
-0.0019159305129615688               
 0.00011820757536783709              
-0.00133580118650755                 
-0.0040854859441252622               
-0.0038406976167570592               
-0.00093775301460839386              
 0.00009265515857937584              
-0.0024208497148556565               
-0.0046197386101514051               
-0.0030573712535526942               
-0.00012624176439217719              
-0.00043842803191277216              
-0.0035883352383545581               
-0.0046954095656048019               
-0.0019873998507124978               
 0.00035101869650045782              
-0.0013909044075219885               
-0.0045788036127694179               
-0.0042433076616802713               
-0.00085324911122177695              
 0.00031270921985726216              
-0.0026508306322313453               
-0.0051877350673879673               
-0.0033038542424107895               
 0.00011283182512738382              
-0.0002906700345522012               
-0.0039946720353898745               
-0.0052497362797670494               
-0.002036083910029695                
 0.00067580242779565272              
-0.0014154677493175699               
-0.0051489495285212024               
-0.0046941772691325087               
-0.00067439228473206887              
 0.00064466022136146738              
-0.0028968135657701927               
-0.0058589416376369115               
-0.0035631213815149991               
 0.00049103207002736474              
-0.000059802412207869693             
-0.004481777511562238                
-0.0059202783983973006               
-0.0020312593284644714               
 0.0011757841222064299               
-0.001390132017817701                
-0.0058576150317068785               
-0.0052374802555920051               
-0.00037529040907555329              
 0.00115801260989583                 
-0.0031684265821941421               
-0.0067084846863062746               
-0.0038538835776851226               
 0.0010649256363882802               
 0.00032420718653404512              
-0.0050941519496650201               
-0.006781117056165081                
-0.0019593449229085881               
 0.0019411069583835407               
-0.0012933295406590689               
-0.0067898994667588627               
-0.0059373839076583973               
 0.00012386381430699693              
 0.0019588197521066292               
-0.003491713081283581                
-0.0078679934854621741               
-0.0041992305232624733               
 0.0019785233904391179               
 0.00095627181661197408              
-0.0059294879599204216               
-0.0079882792096726517               
-0.0017715000274782823               
 0.0031670277561856204               
-0.0010721425859738145               
-0.0081468497719331696               
-0.0069353003276164168               
 0.00097545121843954988              
 0.0032905888880476169               
-0.0039327004834394698               
-0.0096357409586857005               
-0.0046742183585960495               
 0.0035402874571838772               
 0.0020657157508661879               
-0.0072342952067444028               
-0.0099205214912431849               
-0.0013713260006953699               
 0.0053432120140939031               
-0.00061673776237881721              
-0.010428455727319765                
-0.0086137676522372916               
 0.0025951097890473049               
 0.0057889251304171063               
-0.0046562885287525398               
-0.012847143109692651                
-0.0054776086337852622               
 0.0066486355377471888               
 0.0043337503880957091               
-0.0097457186580110974               
-0.013752227241489751                
-0.00043223471097692673              
 0.01005976051792358                 
 0.00047231530351286161              
-0.015397512239699165                
-0.012324989001458439                
 0.0065025186433613604               
 0.011932104637221247                
-0.0063546927772901336               
-0.021011581984031635                
-0.0074958593152954518               
 0.015431538984337032                
 0.01104770532474976                 
-0.017287995402084849                
-0.025944923124452384                
 0.0029268854057663725               
 0.027395311421341599                
 0.0048983760295442831               
-0.036454352298918816                
-0.029607014829135546                
 0.027361974427875739                
 0.049386801079087828                
-0.018290388426276734                
-0.093828231050302274                
-0.03156093064950611                 
 0.18814353693197811                 
 0.39430093510369224                 
 0.39430093510369224                 
 0.18814353693197811                 
-0.03156093064950611                 
-0.093828231050302274                
-0.018290388426276734                
 0.049386801079087828                
 0.027361974427875739                
-0.029607014829135546                
-0.036454352298918816                
 0.0048983760295442831               
 0.027395311421341599                
 0.0029268854057663725               
-0.025944923124452384                
-0.017287995402084849                
 0.01104770532474976                 
 0.015431538984337032                
-0.0074958593152954518               
-0.021011581984031635                
-0.0063546927772901336               
 0.011932104637221247                
 0.0065025186433613604               
-0.012324989001458439                
-0.015397512239699165                
 0.00047231530351286161              
 0.01005976051792358                 
-0.00043223471097692673              
-0.013752227241489751                
-0.0097457186580110974               
 0.0043337503880957091               
 0.0066486355377471888               
-0.0054776086337852622               
-0.012847143109692651                
-0.0046562885287525398               
 0.0057889251304171063               
 0.0025951097890473049               
-0.0086137676522372916               
-0.010428455727319765                
-0.00061673776237881721              
 0.0053432120140939031               
-0.0013713260006953699               
-0.0099205214912431849               
-0.0072342952067444028               
 0.0020657157508661879               
 0.0035402874571838772               
-0.0046742183585960495               
-0.0096357409586857005               
-0.0039327004834394698               
 0.0032905888880476169               
 0.00097545121843954988              
-0.0069353003276164168               
-0.0081468497719331696               
-0.0010721425859738145               
 0.0031670277561856204               
-0.0017715000274782823               
-0.0079882792096726517               
-0.0059294879599204216               
 0.00095627181661197408              
 0.0019785233904391179               
-0.0041992305232624733               
-0.0078679934854621741               
-0.003491713081283581                
 0.0019588197521066292               
 0.00012386381430699693              
-0.0059373839076583973               
-0.0067898994667588627               
-0.0012933295406590689               
 0.0019411069583835407               
-0.0019593449229085881               
-0.006781117056165081                
-0.0050941519496650201               
 0.00032420718653404512              
 0.0010649256363882802               
-0.0038538835776851226               
-0.0067084846863062746               
-0.0031684265821941421               
 0.00115801260989583                 
-0.00037529040907555329              
-0.0052374802555920051               
-0.0058576150317068785               
-0.001390132017817701                
 0.0011757841222064299               
-0.0020312593284644714               
-0.0059202783983973006               
-0.004481777511562238                
-0.000059802412207869693             
 0.00049103207002736474              
-0.0035631213815149991               
-0.0058589416376369115               
-0.0028968135657701927               
 0.00064466022136146738              
-0.00067439228473206887              
-0.0046941772691325087               
-0.0051489495285212024               
-0.0014154677493175699               
 0.00067580242779565272              
-0.002036083910029695                
-0.0052497362797670494               
-0.0039946720353898745               
-0.0002906700345522012               
 0.00011283182512738382              
-0.0033038542424107895               
-0.0051877350673879673               
-0.0026508306322313453               
 0.00031270921985726216              
-0.00085324911122177695              
-0.0042433076616802713               
-0.0045788036127694179               
-0.0013909044075219885               
 0.00035101869650045782              
-0.0019873998507124978               
-0.0046954095656048019               
-0.0035883352383545581               
-0.00043842803191277216              
-0.00012624176439217719              
-0.0030573712535526942               
-0.0046197386101514051               
-0.0024208497148556565               
 0.00009265515857937584              
-0.00093775301460839386              
-0.0038406976167570592               
-0.0040854859441252622               
-0.00133580118650755                 
 0.00011820757536783709              
-0.0019159305129615688               
-0.0042166639815199979               
-0.0032199742424977116               
-0.00050345462202332561              
-0.00027674294943020802              
-0.0028193051718278274               
-0.0041346511380033688               
-0.0021998098888602862               
-0.00005014963523654499              
-0.00097692650802126864              
-0.0034769184641439185               
-0.0036468796815498881               
-0.0012516634724074084               
-0.000014130286183237917             
-0.0018087078021303202               
-0.0037863425401624337               
-0.0028754722808611334               
-0.00052035584753823416              
-0.00036481580311295211              
-0.0025855211796751085               
-0.0036960409438424047               
-0.0019873652607527888               
-0.00013017964276491531              
-0.00097195242784041749              
-0.0031473782414302987               
-0.0032571163884954381               
-0.0011506385933958418               
-0.0001018189669370409               
-0.0016913420784939528               
-0.0033991518603932146               
-0.0025666141836791362               
-0.00050792618559106217              
-0.00040416329212161067              
-0.0023610354283201528               
-0.0032994910736903974               
-0.0017730933230054296               
-0.00016206882411899486              
-0.00093666472867928209              
-0.0028362643802776772               
-0.0028915324879822436               
-0.0010308798725488164               
-0.00014187568981515949              
-0.001559442429362172                
-0.0030357651168892909               
-0.0022707484853632335               
-0.00046704561960564037              
-0.00040795411279608354              
-0.0021366389378191832               
-0.002931436943667428                
-0.0015633942837071802               
-0.00016373554291451535              
-0.00087699533973778152              
-0.0025451074794976408               
-0.0025560691818713246               
-0.00090170705439683932              
-0.00015016291471236544              
-0.0014271739725049883               
-0.0027065894233325831               
-0.0019906277689601196               
-0.00040335726278250064              
-0.00039331382442281057              
-0.0019314793963409772               
-0.0025927205803922063               
-0.0013537139143972709               
-0.00014018071318850321              
-0.00081548694611718701              
-0.0022774822137979055               
-0.002240807716071689                
-0.00075808731909052587              
-0.0001419027294517379               
-0.0012987897322242759               
-0.0024075216652121624               
-0.0017129144300007011               
-0.0003238482133923748               
-0.00035818539025897836              
-0.0017543777085444311               
-0.0022711300255399917               
-0.0011440048671089217               
-0.000078354864928064163             
-0.00076765839877358973              
-0.0020300763433796793               
-0.0019569535630123251               
-0.00056662158381539859              
-0.00013270329695601324              
-0.0011709621221362952               
-0.002181620454314602                
-0.0013871837638023687               
-0.00024328781521359109              
-0.00026972353327423849              
-0.0016977516859498689               
-0.0019051033785470271               
-0.0009748138506912498               
 0.00013994304226803457              
-0.00088791724694289517              
-0.0017215414799085262               
-0.0018427029129497122               
-0.000065806777975883218             
-0.00033604100402450862              
-0.00087282379168350868              
-0.0024080554603435941               
-0.00056414055505934688              
-0.00046365019554554451              
 0.00034441255286321582              
-0.0025874611788986573               
-0.00085024288608518371              
-0.0014147414444925163               
 0.0017838381329427022               
-0.0026389268720865937               
-0.00058918378587668931              
-0.003479080252776429                
 0.0039427840237846049               
-0.0022382383664806965               
-0.0001997157875683114               
-0.013227558425526977                
-0.017821071069235771          